seabuoy1 29.2216447095297, -94.4111908857754 ,29.2635844174341, -94.5093811933926
seabuoy2 29.2635844174341, -94.5093811933926, 29.3075567236804, -94.6174163843896
seabuoy3 29.3075567236804, -94.6174163843896, 29.3535111362416, -94.7260382881243
seabuoy4 29.3535111362416, -94.7260382881243, 29.3499607522982, -94.7433738113173 ,29.3457711017152, -94.7605399490126
segment5 29.3457711017152, -94.7605399490126, 29.3508585121544, -94.7780494094618 ,29.3592372226718, -94.7897223830946
segment6 29.3592372226718, -94.7897223830946, 29.3840700646062, -94.8034552932508
segment7 29.3840700646062, -94.8034552932508, 29.4116347472792, -94.8154288292233
segment9 29.4116347472792, -94.8154288292233, 29.4365295488707, -94.8303633690182
segment10 29.4365295488707, -94.8303633690182, 29.4606749507844, -94.8463621013711
segment11 29.4606749507844, -94.8463621013711, 29.4850085080993, -94.8632343148276
segment12 29.4850085080993, -94.8632343148276, 29.5084769124126, -94.8799929493973
segment13 29.5084769124126, -94.8799929493973, 29.5329745548127, -94.8972449177811
segment14 29.5329745548127, -94.8972449177811, 29.5567391966978, -94.9137362192883
segment15 29.5567391966978, -94.9137362192883, 29.5816128697442, -94.9308986558856
segment16 29.5816128697442, -94.9308986558856, 29.6012270815294, -94.9434279962153 ,29.6068335636595, -94.946934858261
segment17 29.6068335636595, -94.946934858261, 29.6298898326443, -94.9601527842864
pasadena18 29.61236964697602, -95.02648337321841, 29.61535441054306, -94.95193942027656
segment19 29.6298898326443, -94.9601527842864, 29.6561221616008, -94.9713409856856
segment20 29.6561221616008, -94.9713409856856, 29.682365032448, -94.9809892353852
segment21 29.682365032448, -94.9809892353852, 29.6870475510001, -94.9845551304604 ,29.6927398230852, -94.9910090742191
morgan22 29.68444689277177, -94.98262449809144, 29.68115125925007, -95.00784861305073
segment23 29.6927398230852, -94.9910090742191, 29.6984553258722, -94.9997471623208 ,29.6997489343274, -95.0047244214532
segment24 29.6997489343274, -95.0047244214532, 29.7010691350288, -95.0137668035682 ,29.703885474343, -95.0190836840912
segment25 29.703885474343, -95.0190836840912, 29.7081515578098, -95.0213199041542 ,29.7145625834736, -95.0217490575965 ,29.7182897357814, -95.0214057348426
segment26 29.7182897357814, -95.0214057348426, 29.7217185936773, -95.0214057348426 ,29.7259672333411, -95.0226931951698 ,29.7284411491432, -95.0249894278294 ,29.730273752694, -95.0291484960831
segment27 29.730273752694, -95.0291484960831, 29.7315729811106, -95.0346920466597 ,29.7309618739316, -95.042073804906 ,29.731978824389, -95.047557292812
segment28 29.731978824389, -95.047557292812, 29.7343646340058, -95.052921836823 ,29.7372712510386, -95.0575566940007 ,29.7405495800597, -95.0600027426411
segment29 29.7405495800597, -95.0600027426411, 29.7449472961564, -95.0633073501287 ,29.7534705914686, -95.0668467786665
segment30 29.7534705914686, -95.0668467786665, 29.7590097195281, -95.0697692073439 ,29.7625862030808, -95.0733740962599 ,29.7637985326081, -95.0798050083256
segment31 29.7637985326081, -95.0798050083256, 29.7631306340521, -95.0847320851807 ,29.7608953589365, -95.0893669423584 ,29.7582874749451, -95.0922851857666 ,29.7551579245704, -95.0933151540284
achorage32 29.76380400568885, -95.08095470847988, 29.77166292411964, -95.07624642857199, 29.78060276432217, -95.07315652378682, 29.78358253369531, -95.07710473545674, 29.78328456074895, -95.08002297886495, 29.78253962450287, -95.09444253452902, 29.77941083174105, -95.09976403721456, 29.77568595097337, -95.10148065098409, 29.76778874552997, -95.10096566685323, 29.76465949189864, -95.09701745518331, 29.76559217785891, -95.09159771385099, 29.76149423606692, -95.08764950218107
segment33 29.7551579245704, -95.0933151540284 ,29.7518047264405, -95.0958042439942 ,29.7495153978758, -95.0982013457784 , 29.7470562584624, -95.1011195891866, 29.7435862538046, -95.1039803339481
segment35 29.7435862538046, -95.1039803339481, 29.7417651782612, -95.1070419066914 ,29.7399765809701, -95.1121059173116 ,29.739529426663, -95.1153674834737 ,29.7373645786253, -95.118855607369
segment36 29.7373645786253, -95.118855607369, 29.7348341860713, -95.1230922454366 ,29.7340143596201, -95.1271262877951 ,29.7345697587132, -95.1348201154257
segment37 29.7345697587132, -95.1348201154257, 29.7366841883935, -95.1509203790315
segment38 29.7366841883935, -95.1509203790315, 29.7373001419485, -95.1538403341792 ,29.7387906816836, -95.1564152548335 ,29.7433366910566, -95.1613478609484 ,29.7451262571084, -95.1644898868768
segment39 29.7451262571084, -95.1644898868768, 29.7469692307618, -95.1698213759351 ,29.7468947103794, -95.1748853865553 ,29.745855591727, -95.1807748852781
segment40 29.745855591727, -95.1807748852781, 29.7454788125883, -95.185099238484 ,29.7445845510498, -95.1902490797926 ,29.7420445186491, -95.1965674939203
segment41 29.7420445186491, -95.1965674939203, 29.7407846936854, -95.200245279974 ,29.7383998668924, -95.2036785075131 ,29.735791397655, -95.205824274725 ,29.7319087404644, -95.2079400601435
segment42 29.7319087404644, -95.2079400601435, 29.7278566664158, -95.2101836825484 ,29.7256206048034, -95.2135310793989 ,29.7245770923317, -95.2173934603804 ,29.7250932558167, -95.2205395016696
segment43 29.7250932558167, -95.2205395016696, 29.7259932851992, -95.2252040530318 ,29.7248007030606, -95.2312122012251 ,29.7218712720821, -95.2364602120105
segment44 29.7218712720821, -95.2364602120105, 29.7192437783668, -95.2403132829781 ,29.7190201552564, -95.2447764787789 ,29.7211818244536, -95.2493255052682 ,29.7248013129098, -95.2519880228897
segment45 29.7248013129098, -95.2519880228897, 29.7266975969409, -95.255591145527 ,29.7272938785098, -95.2597968492623 ,29.7251739963484, -95.266450493898
segment46 29.7251739963484, -95.266450493898, 29.7248931350422, -95.2711276113901 ,29.7270546777409, -95.2749041616831 ,29.7331214747976, -95.276841829206
segment47 29.7331214747976, -95.276841829206, 29.7390513799562, -95.2796773105162 ,29.7456791023798, -95.2852103213325
segment48 29.7456791023798, -95.2852103213325, 29.7490771903695, -95.2870587497252 ,29.7498968936857, -95.2892045169371 ,29.7478848826724, -95.2920369296568 ,29.747363243596, -95.2928952365416 ,29.7472142033614, -95.2948693423765 ,29.7476613234006, -95.2965001254576 ,29.7487791147746, -95.2965001254576 ,29.7501204479722, -95.295126834442 ,29.7510146601333, -95.2947835116881 ,29.7529074092231, -95.2963253954902
